0.040521711111068726,0.7493636012077332,-0.18669633567333221
0.10274708271026611,0.5468231439590454,-0.12948141992092133
0.13297896087169647,0.4592505693435669,-0.14091457426548004
0.1387452483177185,0.45920175313949585,-0.138575941324234
0.1868252456188202,0.3192048966884613,-0.09899348765611649
0.2137019783258438,0.19910019636154175,-0.09941648691892624
0.22221657633781433,0.14420968294143677,-0.12352021783590317
0.23935511708259583,0.06586778163909912,-0.12525548040866852
0.25294801592826843,-0.022623330354690552,-0.12214718759059906
0.25070661306381226,-0.04255014657974243,-0.10696401447057724
0.24942556023597717,-0.04661606252193451,-0.10251334309577942
0.22559595108032227,-0.051162272691726685,-0.0877809152007103
0.20838110148906708,-0.05214598774909973,-0.08433285355567932
0.18159902095794678,-0.047512903809547424,-0.08348601311445236
0.1745043247938156,-0.04768933355808258,-0.07636480033397675
0.15529774129390717,-0.04143381118774414,-0.07731077820062637
0.14690323173999786,-0.040572524070739746,-0.0877031534910202
0.13370636105537415,-0.03952382504940033,-0.07995473593473434
0.12545904517173767,-0.035461753606796265,-0.08262956142425537
0.1149388998746872,-0.0372207909822464,-0.08094526082277298
0.11109882593154907,-0.038944557309150696,-0.091468945145607
0.10419419407844543,-0.03859221935272217,-0.08170276880264282
0.10190655291080475,-0.034802332520484924,-0.0894390195608139
0.09688188135623932,-0.03467041254043579,-0.0799705907702446
0.09080569446086884,-0.0371427983045578,-0.08510992676019669
0.07968734204769135,-0.03353911638259888,-0.07301170378923416
0.07034167647361755,-0.034847602248191833,-0.07467330992221832
0.059051722288131714,-0.036254897713661194,-0.07312563806772232
0.04779554903507233,-0.04016120731830597,-0.08281061798334122
0.04822319746017456,-0.03444428741931915,-0.0860203430056572
0.03600737452507019,-0.03407491743564606,-0.0821947529911995
0.037532687187194824,-0.030701100826263428,-0.08588284254074097
0.0630401149392128,-0.03622385859489441,-0.08023746311664581
0.09275420010089874,-0.021334543824195862,-0.07759284228086472
0.1211688369512558,-0.0018402189016342163,-0.08768517524003983
0.13491447269916534,-0.0007236897945404053,-0.09623945504426956
0.14734317362308502,0.0037466585636138916,-0.09718210250139236
0.15622630715370178,-0.0004257112741470337,-0.09613005816936493
0.16786859929561615,0.016149431467056274,-0.09707905352115631
0.17971128225326538,0.007865890860557556,-0.09956493228673935
0.192031130194664,0.015434876084327698,-0.09124524891376495
0.19752463698387146,0.01717478036880493,-0.09568975865840912
0.19904117286205292,0.014740228652954102,-0.09403390437364578
0.2093672901391983,0.01504465937614441,-0.09952478855848312
0.21273694932460785,0.016018494963645935,-0.09356678277254105
0.2205062061548233,0.0214526504278183,-0.10274220257997513
0.22691667079925537,0.017305642366409302,-0.10104583948850632
0.24785572290420532,0.02498064935207367,-0.09330063313245773
0.2742595970630646,0.03332836925983429,-0.09417407959699631
0.2914171814918518,0.03895539045333862,-0.09193575382232666
0.31169015169143677,0.039247870445251465,-0.09616255015134811
0.31986570358276367,0.04373696446418762,-0.10069330781698227
0.33671456575393677,0.05422106385231018,-0.10158038139343262
0.35295602679252625,0.07109561562538147,-0.08157462626695633
0.3569366931915283,0.06709717214107513,-0.08034756779670715
0.37386757135391235,0.085645392537117,-0.08756494522094727
0.3764926791191101,0.08534380793571472,-0.08315592259168625
0.38255739212036133,0.10252808034420013,-0.08289527148008347
0.3859208822250366,0.09857867658138275,-0.0813368409872055
0.3940926790237427,0.12428636848926544,-0.09229078143835068
0.3958629369735718,0.11963795125484467,-0.08678445219993591
0.40733620524406433,0.13337178528308868,-0.0869346633553505
0.41469109058380127,0.13215772807598114,-0.0842663124203682
0.42803749442100525,0.13504385948181152,-0.08238834887742996
0.42919886112213135,0.1294393390417099,-0.07760583609342575
0.4510192573070526,0.1444629579782486,-0.07039310038089752
0.4487993121147156,0.1408824324607849,-0.0648917406797409
0.4659637212753296,0.15261445939540863,-0.07365740090608597
0.4822206497192383,0.16026481986045837,-0.06902890652418137
0.4887951910495758,0.16200320422649384,-0.07591927796602249
0.5044274926185608,0.1739652156829834,-0.07945311814546585
0.5137274861335754,0.17063112556934357,-0.08497340977191925
0.5152336955070496,0.16905516386032104,-0.0828910544514656
0.5258495211601257,0.17017996311187744,-0.08577632158994675
0.5408283472061157,0.1726115196943283,-0.08542399108409882
0.5484941005706787,0.17626312375068665,-0.08281195163726807
0.5492967367172241,0.17533114552497864,-0.08541232347488403
0.5670896172523499,0.18766355514526367,-0.08435824513435364
0.5739741921424866,0.18651679158210754,-0.08571154624223709
0.5909254550933838,0.1886012852191925,-0.081574946641922
0.589852511882782,0.1870235651731491,-0.08385919034481049
0.6057597398757935,0.19075408577919006,-0.07706570625305176
0.605807900428772,0.18985505402088165,-0.07847540825605392
0.6274216771125793,0.19214469194412231,-0.08247316628694534
0.6290015578269958,0.19179558753967285,-0.08381287008523941
0.6450186967849731,0.19369427859783173,-0.08362612873315811
0.6434387564659119,0.190847247838974,-0.08411228656768799
0.6561145782470703,0.1947554349899292,-0.08158751577138901
0.6665282249450684,0.1950109302997589,-0.07739786058664322
0.6700305342674255,0.197462797164917,-0.0826060026884079
0.6806001663208008,0.19751876592636108,-0.07966818660497665
0.6856158375740051,0.19761189818382263,-0.08453451097011566
0.6844198703765869,0.1968657225370407,-0.08131937682628632
0.7052597999572754,0.19934479892253876,-0.0823337733745575
0.7051098942756653,0.19897525012493134,-0.08241400867700577
0.7183797955513,0.19863317906856537,-0.07646361738443375
0.7323847413063049,0.2029622495174408,-0.07949954271316528
0.7402015328407288,0.2032642662525177,-0.08280915766954422
0.7551461458206177,0.2039763182401657,-0.08094309270381927
0.7623785734176636,0.2033354789018631,-0.08022923022508621
0.774005115032196,0.20520520210266113,-0.08265839517116547
0.7803797125816345,0.20622114837169647,-0.0853300541639328
0.7803117632865906,0.2037590742111206,-0.08696460723876953
0.7972648739814758,0.2053384780883789,-0.08520108461380005
0.7975955009460449,0.20478247106075287,-0.08574426919221878
0.8089295625686646,0.20711946487426758,-0.08249972760677338
0.8239801526069641,0.2140689492225647,-0.08743122965097427
0.8222387433052063,0.21090523898601532,-0.08086003363132477
0.8355421423912048,0.21176697313785553,-0.08351636677980423
0.8376055359840393,0.21530713140964508,-0.08917286247015
0.8375914692878723,0.21374379098415375,-0.0893571749329567
0.8454282879829407,0.21300844848155975,-0.07794755697250366
0.8502333760261536,0.21771888434886932,-0.09531856328248978
0.8520592451095581,0.21689473092556,-0.08237434923648834
0.8606540560722351,0.2180473804473877,-0.09562031924724579
0.8617870807647705,0.2166685163974762,-0.07634714245796204
0.8717977404594421,0.21331480145454407,-0.0772981122136116
0.8710148930549622,0.2151087075471878,-0.08602304011583328
0.8766061663627625,0.21432098746299744,-0.07199864834547043
0.8767489790916443,0.21639856696128845,-0.06943978369235992
0.8913937211036682,0.21464364230632782,-0.07237713038921356
0.8928167819976807,0.21221236884593964,-0.06440038979053497
0.8994904160499573,0.21953485906124115,-0.0872964933514595
0.9004003405570984,0.21542124450206757,-0.05001812055706978
0.9268515110015869,0.2246219962835312,-0.05054909363389015
0.9520624279975891,0.22919777035713196,-0.06996092200279236
0.9166877865791321,0.21659189462661743,-0.07176559418439865
0.9557593464851379,0.24007712304592133,-0.06820617616176605
0.9429693222045898,0.22214624285697937,-0.08465360105037689
0.9528931975364685,0.22199225425720215,-0.08378507941961288
0.9529426097869873,0.22680340707302094,-0.07975457608699799
0.9764055013656616,0.22859594225883484,-0.05474639683961868
0.9795696139335632,0.2294500172138214,-0.05487533286213875
0.9941648244857788,0.24370761215686798,-0.0518830344080925
0.9899915456771851,0.24232712388038635,-0.06108762323856354
0.9958437085151672,0.4063430726528168,-0.03282647207379341
0.8995403051376343,0.3627532124519348,-0.06974726170301437
0.8959130644798279,0.36305132508277893,-0.07089107483625412
0.8650076389312744,0.3612503409385681,-0.06845405697822571
0.862343430519104,0.3628651201725006,-0.05824574455618858
0.8168321847915649,0.37945443391799927,-0.059141408652067184
0.8063860535621643,0.3821137547492981,-0.06366755068302155
0.7960893511772156,0.38856494426727295,-0.06564461439847946
0.776633620262146,0.40497976541519165,-0.06625360250473022
0.762651801109314,0.4086771011352539,-0.06468093395233154
0.7498210668563843,0.4227975606918335,-0.06725434958934784
0.745184063911438,0.427532434463501,-0.07271575927734375
0.7440431714057922,0.4303853511810303,-0.07179702818393707
0.7353361248970032,0.4322050213813782,-0.0626208707690239
0.7227557897567749,0.4449049234390259,-0.07035735249519348
0.7197232842445374,0.4561617076396942,-0.07731960713863373
0.7158984541893005,0.46106451749801636,-0.0728604719042778
0.7112478017807007,0.47237280011177063,-0.07802296429872513
0.7097896933555603,0.4648517966270447,-0.08094894140958786
0.6970378160476685,0.48950594663619995,-0.08115017414093018
0.6916614174842834,0.5096753239631653,-0.07943534106016159
0.6672732830047607,0.5206974148750305,-0.091609887778759
0.6685663461685181,0.5085265636444092,-0.08388427644968033
0.664171040058136,0.49866312742233276,-0.08436048030853271
0.6662417054176331,0.499458909034729,-0.07980171591043472
0.6607565879821777,0.4976864755153656,-0.08039534091949463
0.6540648937225342,0.5011948347091675,-0.07827268540859222
0.6492504477500916,0.5037853717803955,-0.08131162077188492
0.6458340883255005,0.5040236115455627,-0.07954171299934387
0.6296136379241943,0.5149781703948975,-0.0791986882686615
0.6304370164871216,0.5119133591651917,-0.0860532596707344
0.6112638115882874,0.5310920476913452,-0.07885002344846725
0.6111265420913696,0.533339262008667,-0.08734681457281113
0.6060774326324463,0.5399162769317627,-0.09145335108041763
0.5950379967689514,0.5547767877578735,-0.08694729208946228
0.595174252986908,0.5560234785079956,-0.0922713652253151
0.5927450656890869,0.5596123337745667,-0.09178224205970764
0.5828074216842651,0.572777509689331,-0.09188161045312881
0.5808603167533875,0.5751392245292664,-0.10018879920244217
0.5750601291656494,0.589332103729248,-0.10021446645259857
0.569104015827179,0.5891497135162354,-0.0930696353316307
0.5617069005966187,0.5998826622962952,-0.09105423092842102
0.5595523118972778,0.6051578521728516,-0.09392934292554855
0.5473395586013794,0.6178893446922302,-0.0958901196718216
0.5488547086715698,0.6175268292427063,-0.08682038635015488
0.5299481153488159,0.6267954111099243,-0.08749204128980637
0.5305878520011902,0.6257482767105103,-0.08061178028583527
0.5136023163795471,0.6376234292984009,-0.0834551528096199
0.5141443610191345,0.6396286487579346,-0.0789131373167038
0.503639817237854,0.6527879238128662,-0.054977964609861374
0.503503680229187,0.6503157615661621,-0.057096682488918304
0.4989403188228607,0.6714950799942017,-0.04855291545391083
0.49857857823371887,0.6704381704330444,-0.051696889102458954
0.49110743403434753,0.6832789778709412,-0.05110013857483864
0.4869700074195862,0.6906094551086426,-0.0613720566034317
0.4832208454608917,0.692520022392273,-0.06563067436218262
0.482666015625,0.6906446814537048,-0.06759230047464371
0.47847646474838257,0.6951433420181274,-0.07319445163011551
0.4776645302772522,0.695734977722168,-0.0731959417462349
0.4686274230480194,0.7048207521438599,-0.0691109150648117
0.4680863320827484,0.7056313157081604,-0.07026077806949615
0.4634692072868347,0.715192437171936,-0.07077576220035553
0.4625246524810791,0.7178467512130737,-0.07438458502292633
0.461088627576828,0.723494291305542,-0.07526879012584686
0.4569127559661865,0.7286944389343262,-0.07608594745397568
0.4555533528327942,0.731925904750824,-0.07789386063814163
0.45487070083618164,0.7324016690254211,-0.0790250152349472
0.4520378112792969,0.7389033436775208,-0.08576367050409317
0.4507156312465668,0.7406131029129028,-0.08635476976633072
0.44857320189476013,0.742308497428894,-0.08918384462594986
0.4456481635570526,0.744194507598877,-0.08058375120162964
0.4395281672477722,0.7425867915153503,-0.08679372072219849
0.43191197514533997,0.7373549342155457,-0.0932932123541832
0.42553865909576416,0.7356248497962952,-0.0919623076915741
0.42575305700302124,0.7345080375671387,-0.08806003630161285
0.4170535206794739,0.733535885810852,-0.09068552404642105
0.40736865997314453,0.7376841306686401,-0.0938698947429657
0.402835875749588,0.7369732856750488,-0.08906402438879013
0.38596871495246887,0.7408679723739624,-0.09103299677371979
0.3743492662906647,0.7395926713943481,-0.09262607246637344
0.3516739010810852,0.7351391911506653,-0.09661255776882172
0.3405333459377289,0.7361348867416382,-0.09488358348608017
0.3393169045448303,0.7311408519744873,-0.08913987874984741
0.3000701665878296,0.7202993035316467,-0.08786806464195251
0.29794856905937195,0.7193778157234192,-0.08170999586582184
0.27815330028533936,0.7177613973617554,-0.08572160452604294
0.2580738365650177,0.7127766609191895,-0.07703635841608047
0.24682873487472534,0.7091494202613831,-0.06653109937906265
0.23358330130577087,0.7041007280349731,-0.06701638549566269
0.2266991287469864,0.7028116583824158,-0.05267047882080078
0.22659951448440552,0.701404333114624,-0.049465056508779526
0.2099585235118866,0.7035602331161499,-0.0615059956908226
0.20883618295192719,0.7009404301643372,-0.04247980937361717
0.17736296355724335,0.7024061679840088,-0.03819022700190544
0.17619182169437408,0.7027072906494141,-0.01870068535208702
0.1502966284751892,0.709053099155426,-0.047606226056814194
0.1474677473306656,0.7033433318138123,-0.044947072863578796
0.13060376048088074,0.7089238166809082,-0.07182276993989944
0.1288781762123108,0.7077117562294006,-0.05512150377035141
0.10385178029537201,0.7147194743156433,-0.07286737114191055
0.103302001953125,0.7103846073150635,-0.06354286521673203
0.08890770375728607,0.7062045335769653,-0.07068697363138199
0.07868063449859619,0.708351194858551,-0.07718876749277115
0.07567818462848663,0.7036635279655457,-0.06773436069488525
0.07564523816108704,0.7045979499816895,-0.057640440762043
0.05306804180145264,0.7417402863502502,-0.04408211261034012
0.054889753460884094,0.7435571551322937,-0.036510590463876724
0.027530565857887268,0.7846473455429077,-0.07077144086360931
0.36567384004592896,0.895660936832428,-0.05595828592777252
0.3721919059753418,0.8853165507316589,-0.052012842148542404
0.36690327525138855,0.8839677572250366,-0.05058019608259201
0.3868016004562378,0.86435866355896,-0.05067475512623787
0.3985415995121002,0.8691602349281311,-0.04596467688679695
0.390080988407135,0.8710072040557861,-0.04543634131550789
0.3898356556892395,0.8626760244369507,-0.03302495926618576
0.3940359950065613,0.8655025959014893,-0.03469575196504593
0.3966352343559265,0.8673456311225891,-0.02811979316174984
0.3928728997707367,0.8687632083892822,-0.025448035448789597
0.3894682824611664,0.8735213279724121,-0.0332648828625679
0.388160765171051,0.8739528059959412,-0.03406980261206627
0.38623863458633423,0.8716036081314087,-0.03316080570220947
0.38806456327438354,0.8741970062255859,-0.03163876384496689
0.39286717772483826,0.8771719932556152,-0.03588881716132164
0.3925820291042328,0.8820400834083557,-0.03190778195858002
0.3916720151901245,0.8857744932174683,-0.03329813852906227
0.3911980390548706,0.8850725889205933,-0.03393388167023659
0.3985556662082672,0.8816344738006592,-0.03230718523263931
0.39489173889160156,0.8880079388618469,-0.036809299141168594
0.39851775765419006,0.8902362585067749,-0.04140755534172058
0.39598414301872253,0.8916422724723816,-0.038261882960796356
0.39663639664649963,0.8929392695426941,-0.03657662868499756
0.39285653829574585,0.8867365717887878,-0.03431153669953346
0.3867509365081787,0.882920503616333,-0.03126118332147598
0.3854576349258423,0.8840026259422302,-0.023883286863565445
0.3827234208583832,0.8870352506637573,-0.035612136125564575
0.3817570209503174,0.8887708187103271,-0.03586577996611595
0.3743996322154999,0.9268488883972168,-0.04996178299188614
0.37272676825523376,0.9310376644134521,-0.03822794556617737
0.3588731586933136,1.028804063796997,-0.06569904834032059
0.3684914708137512,1.0111552476882935,-0.057648640125989914
0.43939241766929626,0.9396177530288696,-0.08292549103498459
0.4335385859012604,0.9278246164321899,-0.056346409022808075
0.4319026470184326,0.9318898916244507,-0.04897800832986832
0.42856690287590027,0.9476855993270874,-0.057408638298511505
0.4313332140445709,0.9490810036659241,-0.05586975812911987
0.42101094126701355,0.9625524282455444,-0.056393690407276154
0.42014551162719727,0.9652446508407593,-0.05555998161435127
0.42793893814086914,0.9759011268615723,-0.058272529393434525
0.43189436197280884,0.9807311296463013,-0.052079472690820694
0.42750176787376404,0.979354977607727,-0.054399941116571426
0.42237651348114014,0.9746550917625427,-0.054428622126579285
0.421108216047287,0.9714767932891846,-0.05661831051111221
0.4173930585384369,0.9686200618743896,-0.05778425559401512
0.414219468832016,0.964080810546875,-0.05488591641187668
0.41955429315567017,0.9832736253738403,-0.051592763513326645
0.4157710671424866,0.9728339314460754,-0.060121241956949234
0.41532909870147705,0.9673144221305847,-0.051935095340013504
0.47293081879615784,1.0045043230056763,-0.020034126937389374
0.47004976868629456,1.0004973411560059,-0.03653477132320404
0.4719783067703247,1.0382260084152222,-0.02528981864452362
0.4733629524707794,1.0379729270935059,-0.02713482454419136
0.46678626537323,1.0241386890411377,-0.021449295803904533
0.4456929564476013,0.9940472841262817,-0.04088924080133438
0.43357405066490173,0.9803252220153809,-0.04620042070746422
0.4301978051662445,0.9825100898742676,-0.04768918827176094
0.4066767692565918,0.963767409324646,-0.05756489187479019
0.4079322814941406,0.9638502597808838,-0.05183258652687073
0.3727116286754608,0.9298239350318909,-0.05787036940455437
0.374383807182312,0.9344025254249573,-0.05854656919836998
0.3523053526878357,0.9110540747642517,-0.05453960597515106
0.33596116304397583,0.8997752666473389,-0.0657462626695633
0.33316051959991455,0.8988280892372131,-0.0671018585562706
0.33162379264831543,0.8978207111358643,-0.06392985582351685
0.3252716660499573,0.894780158996582,-0.07018589228391647
0.32525715231895447,0.8961083292961121,-0.0710429921746254
0.32308176159858704,0.8986944556236267,-0.073284812271595
0.3246185779571533,0.9001545906066895,-0.07315268367528915
0.3186795115470886,0.9032288789749146,-0.07241339236497879
0.31645143032073975,0.9028638005256653,-0.07155568897724152
0.31431305408477783,0.9030186533927917,-0.0705675333738327
0.3157674968242645,0.9016563892364502,-0.07103531807661057
0.3157865107059479,0.9049859642982483,-0.07076868414878845
0.3173310160636902,0.9044991135597229,-0.07160720974206924
0.31357765197753906,0.9027695059776306,-0.0715562254190445
0.31569716334342957,0.9027421474456787,-0.07096721976995468
0.3124527633190155,0.9023144245147705,-0.06856929510831833
0.3119061291217804,0.9006313681602478,-0.06627704948186874
0.30985915660858154,0.9011085033416748,-0.06669081747531891
0.3100747764110565,0.9005767107009888,-0.06577470153570175
0.3084832727909088,0.9016854763031006,-0.06914284080266953
0.30942657589912415,0.9021159410476685,-0.0674377828836441
0.30950048565864563,0.901807963848114,-0.06840373575687408
0.3089129626750946,0.9003181457519531,-0.06813237816095352
0.30806201696395874,0.9008345603942871,-0.06893640756607056
0.3089056611061096,0.9024266600608826,-0.06760258972644806
0.30966654419898987,0.9015553593635559,-0.0669398382306099
0.309508353471756,0.9021762013435364,-0.06693457067012787
0.30794841051101685,0.9003642201423645,-0.06593538075685501
0.30802616477012634,0.9000902771949768,-0.06687930971384048
0.3071702718734741,0.8997800350189209,-0.0686432495713234
0.30699819326400757,0.9002976417541504,-0.06906269490718842
0.3072739839553833,0.8996933102607727,-0.06803693622350693
0.30893826484680176,0.9005879163742065,-0.06733538955450058
0.30841246247291565,0.8987406492233276,-0.06726492941379547
0.30872780084609985,0.8986888527870178,-0.06809251010417938
0.30826041102409363,0.9001203775405884,-0.06748970597982407
0.3081858158111572,0.9008376598358154,-0.06702925264835358
0.3086634576320648,0.9023557305335999,-0.06786281615495682
0.3081758916378021,0.9008005857467651,-0.06876269727945328
0.30907657742500305,0.9030553698539734,-0.06868137419223785
0.308535635471344,0.9052266478538513,-0.068901926279068
0.30725041031837463,0.9043657779693604,-0.06801527738571167
0.30748361349105835,0.9042220711708069,-0.06881362944841385
0.30540600419044495,0.9001289010047913,-0.06967362016439438
0.3063725531101227,0.9017645120620728,-0.06771145015954971
0.30511295795440674,0.9019726514816284,-0.06935401260852814
0.3059929311275482,0.9029065370559692,-0.06604601442813873
0.30409684777259827,0.9012640714645386,-0.06872992217540741
0.3037688732147217,0.8998070955276489,-0.06857358664274216
0.30585941672325134,0.9038574695587158,-0.06894674897193909
0.30777424573898315,0.9032447338104248,-0.06936528533697128
0.30775386095046997,0.9029482007026672,-0.06863263994455338
0.30653810501098633,0.9019814133644104,-0.067015141248703
0.30537116527557373,0.901397168636322,-0.06723880767822266
0.3050931394100189,0.902237057685852,-0.06827197223901749
0.3061275780200958,0.9023154377937317,-0.06719965487718582
0.3049078583717346,0.9019112586975098,-0.06803041696548462
0.304363876581192,0.9023016691207886,-0.07004135847091675
0.30646952986717224,0.9035484790802002,-0.06807815283536911
0.30461734533309937,0.9017572402954102,-0.06921159476041794
0.305548757314682,0.9021819233894348,-0.06983321160078049
0.30733272433280945,0.9030433893203735,-0.0701398253440857
0.30107414722442627,0.8986620903015137,-0.06755401939153671
0.3019256591796875,0.9018764495849609,-0.06637024134397507
0.3008984923362732,0.9002191424369812,-0.06538361310958862
0.2995585501194,0.8997665643692017,-0.06729640066623688
0.2993006706237793,0.9001327157020569,-0.06813788414001465
0.30257171392440796,0.9016956090927124,-0.06750769913196564
0.3017747104167938,0.9000047445297241,-0.06838700920343399
0.3029647767543793,0.9008259177207947,-0.06821802258491516
0.302401065826416,0.9017033576965332,-0.0685994029045105
0.301970511674881,0.8999830484390259,-0.06832002103328705
0.30113255977630615,0.8987260460853577,-0.06807791441679001
0.3007160425186157,0.8979809880256653,-0.06984616816043854
0.30046790838241577,0.8976724743843079,-0.07052884995937347
0.30061209201812744,0.8986470699310303,-0.07175570726394653
0.30213499069213867,0.8993427157402039,-0.07044481486082077
0.30221641063690186,0.8988505005836487,-0.07095759361982346
0.3013865053653717,0.8993932604789734,-0.072025366127491
0.3012752830982208,0.9000149369239807,-0.06912519782781601
0.30212774872779846,0.9001471996307373,-0.07026757299900055
0.3025114834308624,0.8993066549301147,-0.06746281683444977
0.3024778962135315,0.8988001942634583,-0.0685000866651535
0.3013854920864105,0.8982967734336853,-0.06788087636232376
0.3020782172679901,0.8977879881858826,-0.06975680589675903
0.30155661702156067,0.8971045017242432,-0.0698772445321083
0.3027324378490448,0.8987118005752563,-0.06864801049232483
0.30373460054397583,0.8999454975128174,-0.06857055425643921
0.30358877778053284,0.9014279842376709,-0.06872358173131943
0.3023875057697296,0.9002190828323364,-0.06937915831804276
0.30205732583999634,0.9005661010742188,-0.06936535984277725
0.30309441685676575,0.9010981321334839,-0.06918352842330933
0.3044869303703308,0.9013563990592957,-0.06863071769475937
0.305879682302475,0.9011604189872742,-0.06956665962934494
0.30512771010398865,0.9000423550605774,-0.06754522770643234
0.3044779598712921,0.8993229866027832,-0.06696273386478424
0.30153027176856995,0.897621214389801,-0.06757478415966034
0.30261531472206116,0.8973976373672485,-0.06679907441139221
0.3033413290977478,0.8975592255592346,-0.06565140187740326
0.30524614453315735,0.9013445377349854,-0.0666547492146492
0.3053238093852997,0.8994527459144592,-0.06529714912176132
0.30475950241088867,0.8996785879135132,-0.06452710181474686
0.3061123192310333,0.9010720252990723,-0.06796657294034958
0.3056980073451996,0.901422381401062,-0.06459689885377884
0.3061029314994812,0.901539146900177,-0.0645502507686615
0.3060752749443054,0.9016691446304321,-0.0633292868733406
0.30525508522987366,0.899948000907898,-0.06473186612129211
0.3026023209095001,0.8979887366294861,-0.06569025665521622
0.3029923141002655,0.898711621761322,-0.06569346785545349
0.3044012784957886,0.899213433265686,-0.0652804896235466
0.30453330278396606,0.8985826969146729,-0.06460011750459671
0.3059709668159485,0.9007183313369751,-0.06356993317604065
0.30546218156814575,0.8989410996437073,-0.0647086650133133
0.3070146441459656,0.9025093913078308,-0.06311453133821487
0.30746468901634216,0.9042415618896484,-0.06310448795557022
0.30929240584373474,0.9062026739120483,-0.06471481174230576
0.3064333200454712,0.903766393661499,-0.06201588362455368
0.30730023980140686,0.9040917754173279,-0.0636267438530922
0.3070312738418579,0.9043390154838562,-0.06570044159889221
0.3065353035926819,0.9027682542800903,-0.06589606404304504
0.30580198764801025,0.9015198945999146,-0.0647091493010521
0.30627599358558655,0.9036210775375366,-0.06508394330739975
0.3061816096305847,0.9034278988838196,-0.06483851373195648
0.3057147264480591,0.9020572304725647,-0.06449354439973831
0.3059329092502594,0.8993054032325745,-0.06436070054769516
0.3062715530395508,0.9005325436592102,-0.06384675204753876
0.30632254481315613,0.8992620706558228,-0.063188336789608
0.30617642402648926,0.8996409773826599,-0.06304855644702911
0.30519741773605347,0.8993948698043823,-0.061793841421604156
0.3051125705242157,0.8992747068405151,-0.060707807540893555
0.30527377128601074,0.8982545137405396,-0.062354203313589096
0.3046138882637024,0.8978412747383118,-0.06350001692771912
0.30538737773895264,0.8982447385787964,-0.06233159825205803
0.3067130148410797,0.8977264165878296,-0.06219740957021713
0.3063461184501648,0.8978709578514099,-0.06184978783130646
0.3038451671600342,0.8962969779968262,-0.06275347620248795
0.3048150837421417,0.8976573348045349,-0.06384487450122833
0.3041187822818756,0.8975841999053955,-0.06276673078536987
0.3042297065258026,0.8981244564056396,-0.06159374490380287
0.30559954047203064,0.8983393907546997,-0.06148668751120567
0.30474963784217834,0.8979430198669434,-0.062279440462589264
0.30422309041023254,0.8981845378875732,-0.06151559203863144
0.303842693567276,0.8968686461448669,-0.06021326407790184
0.30558058619499207,0.8974695801734924,-0.06222085654735565
0.30704066157341003,0.8972148299217224,-0.06269469857215881
0.30787643790245056,0.8980655074119568,-0.06255140155553818
0.3043751120567322,0.8966397047042847,-0.05970193073153496
0.30644187331199646,0.8983154892921448,-0.059355150908231735
0.306191623210907,0.8975474238395691,-0.060142651200294495
0.3059282898902893,0.8974297046661377,-0.06237488612532616
0.3056761920452118,0.8962340354919434,-0.060563087463378906
0.30609920620918274,0.898032009601593,-0.060738906264305115
0.3040066063404083,0.897288978099823,-0.06316942721605301
0.30461087822914124,0.897258460521698,-0.06196992099285126
0.3047458231449127,0.8966123461723328,-0.06071460619568825
0.3046855032444,0.8981190323829651,-0.06199973076581955
0.3036375343799591,0.8957553505897522,-0.06194884702563286
0.3048108220100403,0.8985123038291931,-0.061687614768743515
0.30450254678726196,0.8972275853157043,-0.061927907168865204
0.3066454529762268,0.8984103798866272,-0.06099314987659454
0.30658912658691406,0.9004585146903992,-0.06234399229288101
0.3075673282146454,0.8999165892601013,-0.06127394735813141
0.30798110365867615,0.9005906581878662,-0.060430869460105896
0.3067241311073303,0.8994313478469849,-0.06000925600528717
0.30642935633659363,0.8998799920082092,-0.060477763414382935
0.30569568276405334,0.8997953534126282,-0.06067932769656181
0.3049796521663666,0.8998172879219055,-0.0613296739757061
0.30546218156814575,0.8999009132385254,-0.06196010857820511
0.30551764369010925,0.8986819982528687,-0.061477478593587875
0.303898423910141,0.8981376886367798,-0.060956358909606934
0.302267849445343,0.8979268074035645,-0.06095098331570625
0.3014771640300751,0.8971232771873474,-0.06089555844664574
0.30367591977119446,0.8971670866012573,-0.06112992763519287
0.3058736324310303,0.8989985585212708,-0.060079436749219894
0.30416417121887207,0.8987610936164856,-0.05959589034318924
0.3034244775772095,0.8977283239364624,-0.06002267822623253
0.3025001883506775,0.8974255323410034,-0.060850996524095535
0.30371996760368347,0.8978241086006165,-0.06141571328043938
0.30404478311538696,0.8983598351478577,-0.060499660670757294
0.30382731556892395,0.8985646963119507,-0.0604875348508358
0.3038680851459503,0.8991649746894836,-0.06248026713728905
0.3036414384841919,0.8977088332176208,-0.06292326003313065
0.3049522936344147,0.8964646458625793,-0.06299883127212524
0.30767127871513367,0.8976703882217407,-0.06149464473128319
0.3073073625564575,0.8974388837814331,-0.06090971454977989
0.3071918487548828,0.8973666429519653,-0.062273070216178894
0.3060704171657562,0.8979441523551941,-0.06435675919055939
0.3070421814918518,0.8977892994880676,-0.061941612511873245
0.3054284155368805,0.8961071968078613,-0.06050138548016548
0.306438148021698,0.8972511887550354,-0.062154702842235565
0.30551403760910034,0.8965165019035339,-0.06292517483234406
0.30682477355003357,0.8980390429496765,-0.060974813997745514
0.3056158125400543,0.8964760899543762,-0.061492446810007095
0.30621227622032166,0.8972307443618774,-0.06081249937415123
0.3069332242012024,0.8978085517883301,-0.06236707791686058
0.30581191182136536,0.8957505226135254,-0.060718294233083725
0.3057839870452881,0.8960530757904053,-0.0601220428943634
0.3062889575958252,0.8981091976165771,-0.06005186587572098
0.30562248826026917,0.8984767198562622,-0.05880875512957573
0.3053293824195862,0.8988678455352783,-0.059212904423475266
0.3055132329463959,0.8985029458999634,-0.06022188067436218
0.30425378680229187,0.8983184695243835,-0.06110621616244316
0.30300700664520264,0.8971914649009705,-0.061627671122550964
0.30510956048965454,0.8988425731658936,-0.059096336364746094
0.3036186695098877,0.8970561027526855,-0.06166240945458412
0.3053293526172638,0.8981962203979492,-0.060398951172828674
0.30348995327949524,0.8980562686920166,-0.0621366985142231
0.30480602383613586,0.8990235328674316,-0.05983242765069008
0.30627211928367615,0.9003645777702332,-0.06403001397848129
0.30679625272750854,0.8980045318603516,-0.06248798966407776
0.3074605166912079,0.8994973301887512,-0.06262087821960449
0.3060912787914276,0.9006055593490601,-0.06109673157334328
0.3055419325828552,0.8989090919494629,-0.06093765050172806
0.30495285987854004,0.8994131684303284,-0.059870410710573196
0.3057031035423279,0.9007729291915894,-0.06120598316192627
0.3058129847049713,0.900177001953125,-0.06206267699599266
0.3054746985435486,0.8997896909713745,-0.06110291928052902
0.30634450912475586,0.9006735682487488,-0.05992930755019188
0.30623701214790344,0.900626003742218,-0.05989712104201317
0.3050204813480377,0.8981969356536865,-0.06028151139616966
0.30690208077430725,0.8983076810836792,-0.06024707481265068
0.30805081129074097,0.8987075090408325,-0.06181144714355469
0.3068184554576874,0.8962708115577698,-0.061890870332717896
0.305844783782959,0.8954213261604309,-0.05876367539167404
0.3052990734577179,0.8979991674423218,-0.05977123975753784
0.3053441643714905,0.8971797227859497,-0.062090177088975906
0.3072110116481781,0.8982934951782227,-0.06096668913960457
0.30716294050216675,0.8972924947738647,-0.06072715297341347
0.307094007730484,0.8971156477928162,-0.06187613680958748
0.30796122550964355,0.9000059962272644,-0.060805730521678925
0.3071531653404236,0.8995750546455383,-0.059307169169187546
0.30488690733909607,0.8979017734527588,-0.05936802551150322
0.3043927252292633,0.8982345461845398,-0.06044834479689598
0.3056531846523285,0.8986974358558655,-0.05968794971704483
0.3044432997703552,0.89765864610672,-0.05950646102428436
0.30310195684432983,0.8982900381088257,-0.06037934124469757
0.30352455377578735,0.89752197265625,-0.06127787381410599
0.30461812019348145,0.8969944715499878,-0.06099360063672066
0.3047657907009125,0.8969699144363403,-0.05948006361722946
0.3053392767906189,0.8972493410110474,-0.06001211330294609
0.305711954832077,0.898834228515625,-0.060153257101774216
0.30567896366119385,0.8991556167602539,-0.06025320664048195
0.3062339723110199,0.8989429473876953,-0.059424519538879395
0.3037603497505188,0.8985804915428162,-0.05861729010939598
0.30399757623672485,0.8974994421005249,-0.062018685042858124
0.3049909770488739,0.8980981111526489,-0.062057506293058395
0.3050113916397095,0.8959834575653076,-0.062381550669670105
0.3037692606449127,0.896589994430542,-0.06227538362145424
0.3045704662799835,0.8965388536453247,-0.06181766092777252
0.30528998374938965,0.8960925936698914,-0.06028292328119278
0.3048170804977417,0.8953816890716553,-0.060834307223558426
0.3052006959915161,0.8959248065948486,-0.0624765008687973
0.30368033051490784,0.8950790166854858,-0.06198012828826904
0.306769460439682,0.8963495492935181,-0.058209072798490524
0.30588990449905396,0.8963034152984619,-0.06012437120079994
0.3053450882434845,0.8972671627998352,-0.05884182080626488
0.30416274070739746,0.8962923288345337,-0.059893980622291565
0.30408257246017456,0.8952951431274414,-0.05932886153459549
0.3052855134010315,0.8967124819755554,-0.06028632074594498
0.30513375997543335,0.898037314414978,-0.059958573430776596
0.3044740557670593,0.8977483510971069,-0.058397624641656876
0.3047839105129242,0.8982540965080261,-0.05875852331519127
0.305073082447052,0.8977543115615845,-0.058823537081480026
0.30469825863838196,0.8977473378181458,-0.0592917837202549
0.3034183979034424,0.8965926170349121,-0.05936763808131218
0.3038707375526428,0.8974849581718445,-0.05913528427481651
0.3058338463306427,0.8981243968009949,-0.05955957621335983
0.30502963066101074,0.8978040814399719,-0.05904804542660713
0.30413585901260376,0.8981598019599915,-0.059737954288721085
0.3045707046985626,0.89780592918396,-0.059255294501781464
0.30338960886001587,0.8981371521949768,-0.05801434442400932
0.30463042855262756,0.8994208574295044,-0.05890953540802002
0.30512964725494385,0.8995336294174194,-0.05916103720664978
0.3042874336242676,0.8991425037384033,-0.05864972248673439
0.3055967390537262,0.8991296887397766,-0.05846361815929413
0.3057022988796234,0.8991743326187134,-0.059091780334711075
0.30596497654914856,0.897563099861145,-0.05886782333254814
0.3050559163093567,0.8976197242736816,-0.058700963854789734
0.3042738735675812,0.8969992399215698,-0.05946678668260574
0.30569857358932495,0.8989664912223816,-0.0590921975672245
0.30627790093421936,0.8996317386627197,-0.06119902804493904
0.30605486035346985,0.8986605405807495,-0.059390757232904434
0.3052918314933777,0.897839367389679,-0.05905420705676079
0.3049907982349396,0.897189736366272,-0.061530787497758865
0.305622935295105,0.8975326418876648,-0.06051308661699295
0.3032800853252411,0.8956379890441895,-0.06216222047805786
0.3047429025173187,0.8969285488128662,-0.05875951796770096
0.30331361293792725,0.8948829770088196,-0.060364533215761185
0.30271294713020325,0.8944839835166931,-0.060546573251485825
0.3035755753517151,0.895332932472229,-0.05919073522090912
0.30345579981803894,0.8954946994781494,-0.05997249484062195
0.30257102847099304,0.8961647152900696,-0.05978294461965561
0.30381807684898376,0.895901620388031,-0.05912776291370392
0.30553916096687317,0.8976629376411438,-0.05834193900227547
0.3038041293621063,0.8962618708610535,-0.05797233060002327
0.3049604296684265,0.897976815700531,-0.05765705183148384
0.3040145933628082,0.895561933517456,-0.05782964080572128
0.3054693043231964,0.8988663554191589,-0.06030742824077606
0.30497366189956665,0.8970112800598145,-0.059933025389909744
0.3060256242752075,0.896159827709198,-0.05956173688173294
0.30707576870918274,0.8991252779960632,-0.059273526072502136
0.3055744171142578,0.8983080387115479,-0.06034478917717934
0.30539101362228394,0.8956973552703857,-0.060132451355457306
0.30496782064437866,0.8950055241584778,-0.05974431708455086
0.30548620223999023,0.8957863450050354,-0.059147316962480545
0.3044143319129944,0.8949116468429565,-0.060739126056432724
0.3034060597419739,0.8930462598800659,-0.0613895058631897
0.3034979999065399,0.8935200572013855,-0.06003343686461449
0.3040499985218048,0.8945492506027222,-0.060393329709768295
0.3044496476650238,0.8955951929092407,-0.06119348108768463
0.3024805188179016,0.8959869742393494,-0.06088355556130409
0.30432671308517456,0.8963733911514282,-0.05969275161623955
0.30432844161987305,0.897844135761261,-0.06082602217793465
0.3039749562740326,0.8962447047233582,-0.060082659125328064
0.3034582734107971,0.8962048292160034,-0.059620704501867294
0.30367937684059143,0.896985650062561,-0.05866968259215355
0.30446913838386536,0.8962759971618652,-0.059271279722452164
0.30409038066864014,0.8960180282592773,-0.059538815170526505
0.30268964171409607,0.8948032855987549,-0.060196880251169205
0.30284926295280457,0.894137442111969,-0.05970364063978195
0.3028746545314789,0.895239531993866,-0.06027354672551155
0.30345937609672546,0.8944051861763,-0.06026224046945572
0.302765429019928,0.8934358954429626,-0.05963945761322975
0.30282819271087646,0.8943624496459961,-0.05910009518265724
0.3041936159133911,0.8950362205505371,-0.06012459471821785
0.30384010076522827,0.8944250345230103,-0.059786565601825714
0.30370599031448364,0.8938578367233276,-0.05938505381345749
0.30420050024986267,0.8944603204727173,-0.0602986142039299
0.30562567710876465,0.8960423469543457,-0.060829952359199524
0.3030433654785156,0.8933936357498169,-0.06085163354873657
0.3019566833972931,0.8927454948425293,-0.060085479170084
0.30289724469184875,0.8944831490516663,-0.061691660434007645
0.3025015592575073,0.8931862711906433,-0.06028560921549797
0.30381786823272705,0.8931777477264404,-0.06091362237930298
0.3034116327762604,0.8945398330688477,-0.06199980154633522
0.30267614126205444,0.8936022520065308,-0.06148550286889076
0.3029766380786896,0.8933667540550232,-0.06082650646567345
0.3041221499443054,0.8935198783874512,-0.06017996370792389
0.3016962707042694,0.8924635052680969,-0.0590602308511734
0.30315524339675903,0.8932557702064514,-0.06009216606616974
0.30196693539619446,0.8941510915756226,-0.06100848689675331
0.3014659285545349,0.8943250775337219,-0.05970621481537819
0.30265218019485474,0.894600510597229,-0.05975944548845291
0.3039352297782898,0.8950521945953369,-0.05869160592556
0.3018026351928711,0.8952944874763489,-0.059909965842962265
0.30255642533302307,0.8947008848190308,-0.061016861349344254
0.30045244097709656,0.894195556640625,-0.05978568643331528
0.3020888864994049,0.8948372006416321,-0.06180513650178909
0.3023456335067749,0.8950735330581665,-0.058933064341545105
0.30283471941947937,0.8954960703849792,-0.060497917234897614
0.3015090227127075,0.8943319320678711,-0.06032227352261543
0.3018761873245239,0.8936161398887634,-0.062177885323762894
0.30108842253685,0.8929849863052368,-0.059307340532541275
0.3036036491394043,0.8962295055389404,-0.06056839972734451
0.3040011525154114,0.8968788981437683,-0.06084253638982773
0.30425241589546204,0.8960680961608887,-0.05852608010172844
0.3042294383049011,0.897222638130188,-0.06088458374142647
0.303250789642334,0.8958296775817871,-0.06122574582695961
0.30215984582901,0.8959865570068359,-0.06041881442070007
0.30428507924079895,0.8967653512954712,-0.06057383865118027
0.3029274642467499,0.8966320753097534,-0.0594184547662735
0.30195897817611694,0.8966295123100281,-0.05961226671934128
0.30367448925971985,0.8972310423851013,-0.059185005724430084
0.30327677726745605,0.8961082696914673,-0.059164658188819885
0.3034834563732147,0.896797776222229,-0.06033351272344589
0.3026549518108368,0.8962377905845642,-0.05886434391140938
0.3027569055557251,0.8972004055976868,-0.05847446620464325
0.30291181802749634,0.8969676494598389,-0.05848792567849159
0.30357304215431213,0.8984418511390686,-0.057782795280218124
0.3029198944568634,0.896899938583374,-0.059409745037555695
0.3019489049911499,0.8968703746795654,-0.060041721910238266
0.30224353075027466,0.8969743251800537,-0.05803605169057846
0.3037237524986267,0.8984425067901611,-0.059487856924533844
0.3024611473083496,0.897404134273529,-0.05977427214384079
0.3034575283527374,0.8969544172286987,-0.060037922114133835
0.30311721563339233,0.895752489566803,-0.061004117131233215
0.3038255572319031,0.894915759563446,-0.06094982102513313
0.3028240501880646,0.8949458599090576,-0.06226147338747978
0.30167093873023987,0.8950980305671692,-0.06259456276893616
0.30163702368736267,0.8957725763320923,-0.06095781549811363
0.3015134036540985,0.8958219885826111,-0.061028581112623215
0.30183517932891846,0.8966964483261108,-0.06152817979454994
0.3023487627506256,0.8964383006095886,-0.0601080060005188
0.3031352460384369,0.896783173084259,-0.059703536331653595
0.30363819003105164,0.8965977430343628,-0.059733111411333084
0.3031052350997925,0.898503303527832,-0.05867643281817436
0.30391234159469604,0.897708535194397,-0.05943265184760094
0.30423828959465027,0.8986773490905762,-0.059890858829021454
0.30371275544166565,0.8973615765571594,-0.05861050263047218
0.30461764335632324,0.8986577391624451,-0.06116833910346031
0.30510225892066956,0.8977648019790649,-0.06005661562085152
0.3051004707813263,0.897386908531189,-0.059917204082012177
0.3052269220352173,0.8971320390701294,-0.060294318944215775
0.30467721819877625,0.8969830274581909,-0.060197863727808
0.3030373454093933,0.8970727920532227,-0.05845138430595398
0.3031313717365265,0.8965719938278198,-0.05976996570825577
0.3029934763908386,0.8970458507537842,-0.06124361231923103
0.3052358627319336,0.8989071846008301,-0.05967267230153084
0.30375710129737854,0.8974481225013733,-0.0589473657310009
0.30555328726768494,0.8971797227859497,-0.057288456708192825
0.30594831705093384,0.8974502086639404,-0.058302778750658035
0.3056411147117615,0.89809250831604,-0.05697042867541313
0.305717408657074,0.8988492488861084,-0.05849921330809593
0.30582818388938904,0.8992064595222473,-0.05932776629924774
0.3069605827331543,0.8995224833488464,-0.06028897315263748
0.30520543456077576,0.8989323377609253,-0.05932319909334183
0.3064132034778595,0.8983246684074402,-0.060401637107133865
0.3042922616004944,0.8980489373207092,-0.058939628303050995
0.3036980628967285,0.8975043296813965,-0.05861258879303932
0.3049013614654541,0.8983241319656372,-0.05804996192455292
0.3066922426223755,0.9015054702758789,-0.059387221932411194
0.30480027198791504,0.8999655842781067,-0.06030360981822014
0.30555233359336853,0.9008469581604004,-0.06135554984211922
0.3076673150062561,0.9006995558738708,-0.06407354027032852
0.3068940341472626,0.8971672654151917,-0.06551411747932434
0.30848854780197144,0.8961777687072754,-0.06342507153749466
0.3082415759563446,0.8963634371757507,-0.061278555542230606
0.307984858751297,0.8984647989273071,-0.06065165251493454
0.3078206181526184,0.8982213735580444,-0.061623286455869675
0.31009623408317566,0.9006390571594238,-0.0628093034029007
0.30967408418655396,0.9011206030845642,-0.062199030071496964
0.30963584780693054,0.8997023105621338,-0.06111562252044678
0.30995139479637146,0.9001650214195251,-0.06251277029514313
0.31106042861938477,0.9021661281585693,-0.06225746124982834
0.30943405628204346,0.8999303579330444,-0.06377933919429779
0.3103512227535248,0.9012296795845032,-0.061919376254081726
0.30927783250808716,0.9006969928741455,-0.062206607311964035
0.3092711567878723,0.9005545377731323,-0.06307510286569595
0.3091168701648712,0.9007656574249268,-0.06135792285203934
0.3095521628856659,0.8991398811340332,-0.06171057000756264
0.3083873391151428,0.9003442525863647,-0.062242597341537476
0.3065791726112366,0.8989354372024536,-0.06313862651586533
0.3067195415496826,0.8975817561149597,-0.06394542753696442
0.30973315238952637,0.8967678546905518,-0.062471505254507065
0.3098761737346649,0.8976095914840698,-0.06272416561841965
0.31084543466567993,0.8978501558303833,-0.0612003356218338
0.3077766001224518,0.8992477059364319,-0.062347400933504105
0.30917954444885254,0.9015767574310303,-0.061715126037597656
0.3071472644805908,0.8994760513305664,-0.06011004000902176
0.3094560503959656,0.8990018367767334,-0.06034737452864647
0.31078431010246277,0.8995499610900879,-0.06059585511684418
0.3086894452571869,0.9013615250587463,-0.06215725466609001
0.3079262971878052,0.9004776477813721,-0.06112087145447731
0.30894410610198975,0.9006435871124268,-0.060415010899305344
0.30978211760520935,0.9013373851776123,-0.06105654686689377
0.31015440821647644,0.8999925851821899,-0.0614902563393116
0.3103230595588684,0.901546835899353,-0.059082113206386566
0.3076951503753662,0.9003850221633911,-0.0591295063495636
0.30920395255088806,0.9009271860122681,-0.058878883719444275
0.3089671730995178,0.9001655578613281,-0.05828631669282913
0.30957168340682983,0.8989410400390625,-0.0582737997174263
0.3070302903652191,0.8990179300308228,-0.059037353843450546
0.30933356285095215,0.8997997641563416,-0.06004240736365318
0.3068220615386963,0.899543046951294,-0.060966238379478455
0.30798131227493286,0.8994989991188049,-0.0601399801671505
0.3076618015766144,0.8998338580131531,-0.05999164655804634
0.3087398409843445,0.900323748588562,-0.06020035594701767
0.3084166347980499,0.899005115032196,-0.05939915403723717
0.3106692433357239,0.9012635350227356,-0.06009574607014656
0.30881768465042114,0.8982334733009338,-0.06080597639083862
0.30729183554649353,0.8969447612762451,-0.059921249747276306
0.3090411424636841,0.8971744179725647,-0.05906228721141815
0.30972525477409363,0.9000815153121948,-0.061118509620428085
0.311311274766922,0.8997679352760315,-0.060102589428424835
0.30960923433303833,0.8998955488204956,-0.05946357920765877
0.3093172013759613,0.9007884860038757,-0.060374192893505096
0.3095405399799347,0.9016083478927612,-0.05888348072767258
0.30936968326568604,0.9003729820251465,-0.058728232979774475
0.3081851303577423,0.9004493355751038,-0.05819050595164299
0.3095020055770874,0.9002215266227722,-0.05882853642106056
0.3079414367675781,0.8997337818145752,-0.058633510023355484
0.30709511041641235,0.9003528952598572,-0.05976809561252594
0.30768883228302,0.8999201059341431,-0.05931005999445915
0.3082728683948517,0.9006825685501099,-0.059296075254678726
0.30805206298828125,0.900248646736145,-0.05926356092095375
0.3082188069820404,0.8997856974601746,-0.05944739282131195
0.3084484040737152,0.899742066860199,-0.060615941882133484
0.3086104094982147,0.8991807699203491,-0.05829266458749771
0.30878373980522156,0.9011061191558838,-0.057628415524959564
0.3083682656288147,0.902022123336792,-0.059228669852018356
0.30870458483695984,0.9020726084709167,-0.05908161774277687
0.3089708983898163,0.9023555517196655,-0.0605260469019413
0.30876895785331726,0.9009039402008057,-0.058291736990213394
0.3086848855018616,0.9010405540466309,-0.05787971615791321
0.3083665668964386,0.9023328423500061,-0.05974405258893967
0.3098561763763428,0.9028386473655701,-0.06021769344806671
0.3091132640838623,0.9022238850593567,-0.059728704392910004
0.30903321504592896,0.9015586376190186,-0.05957568436861038
0.30774548649787903,0.900799036026001,-0.05963027849793434
0.3075014054775238,0.9012343287467957,-0.057942938059568405
0.3075341582298279,0.899767279624939,-0.05644878372550011
0.30911391973495483,0.900388777256012,-0.057582564651966095
0.3104017674922943,0.9007946848869324,-0.05832837522029877
0.30933064222335815,0.9010025262832642,-0.058704178780317307
0.3120812177658081,0.9017450213432312,-0.06299293041229248
0.312887042760849,0.9049596190452576,-0.06049772724509239
0.31186461448669434,0.9047804474830627,-0.05851494520902634
0.314013808965683,0.9048870801925659,-0.061046846210956573
0.3148692548274994,0.9061724543571472,-0.061135049909353256
0.3151363134384155,0.9049133062362671,-0.060587670654058456
0.3161042034626007,0.9055280685424805,-0.05976171791553497
0.3149588108062744,0.9049116373062134,-0.05918608605861664
0.3149493932723999,0.9045552015304565,-0.059914954006671906
0.3140314221382141,0.9029725790023804,-0.05754625052213669
0.31295332312583923,0.9027918577194214,-0.05760450288653374
0.3126347064971924,0.902658998966217,-0.05971555784344673
0.3130813241004944,0.9019659161567688,-0.06036859005689621
0.3096576929092407,0.8991189002990723,-0.0578186959028244
0.3120678961277008,0.9001790881156921,-0.057459842413663864
0.308900386095047,0.898379385471344,-0.05649383366107941
0.3093138039112091,0.8982060551643372,-0.05754301697015762
0.30960774421691895,0.8985239267349243,-0.05666428804397583
0.3100706934928894,0.8989083766937256,-0.05812780186533928
0.3096488416194916,0.8982599973678589,-0.05818952992558479
0.31040647625923157,0.8983441591262817,-0.05708898603916168
0.31089359521865845,0.8975883722305298,-0.057608406990766525
0.31061792373657227,0.8971469402313232,-0.05818828195333481
0.3087477385997772,0.8974483013153076,-0.0564536415040493
0.30931538343429565,0.8977510929107666,-0.05684106796979904
0.3090498447418213,0.8969287872314453,-0.05710449069738388
0.30896133184432983,0.897053062915802,-0.05930841714143753
0.3075717091560364,0.8970116376876831,-0.06067761033773422
0.30787643790245056,0.8965126276016235,-0.05971410870552063
0.3074972629547119,0.8967357873916626,-0.05628672242164612
0.30597347021102905,0.9002582430839539,-0.05949405953288078
0.306374192237854,0.8970972895622253,-0.06136726960539818
0.30693119764328003,0.8973304033279419,-0.06099192425608635
0.3091830909252167,0.895248293876648,-0.05830155313014984
0.3109525442123413,0.8973281383514404,-0.06144016608595848
0.31134721636772156,0.8973968625068665,-0.06059521809220314
0.31068041920661926,0.89643794298172,-0.05792182683944702
0.31093311309814453,0.8983849883079529,-0.05897369608283043
0.3123578131198883,0.8998149633407593,-0.059367161244153976
0.311306893825531,0.8983173966407776,-0.0598110631108284
0.3119870722293854,0.8996902108192444,-0.0582900308072567
0.3129575550556183,0.9005695581436157,-0.058784715831279755
0.31145748496055603,0.8996263742446899,-0.05838901177048683
0.3132801055908203,0.9007598757743835,-0.05993848666548729
0.31282806396484375,0.8993983864784241,-0.060574132949113846
0.31372421979904175,0.9020695686340332,-0.06009487807750702
0.31282079219818115,0.9020707607269287,-0.05975913628935814
0.3130171597003937,0.9013420343399048,-0.05858165770769119
0.31223204731941223,0.901448130607605,-0.060782209038734436
0.3121531009674072,0.9005054235458374,-0.06074841693043709
0.31170934438705444,0.8993990421295166,-0.06032506749033928
0.3123532831668854,0.8990757465362549,-0.06010480225086212
0.312682569026947,0.9003450870513916,-0.05806932970881462
0.31146344542503357,0.9017285108566284,-0.05914216488599777
0.31277087330818176,0.9022084474563599,-0.06065159663558006
0.3127180337905884,0.901038646697998,-0.06106382608413696
0.31310218572616577,0.9024137258529663,-0.060147542506456375
0.31170520186424255,0.9012715220451355,-0.06035342812538147
0.31167349219322205,0.901005208492279,-0.06021586433053017
0.3120954930782318,0.9005346298217773,-0.05962829664349556
0.3120001554489136,0.9003303050994873,-0.05991159379482269
0.30963224172592163,0.8990070819854736,-0.05902710184454918
0.309778094291687,0.899293065071106,-0.05837360769510269
0.3110431432723999,0.8999742865562439,-0.05897039920091629
0.31096935272216797,0.9004217386245728,-0.05901064723730087
0.31242501735687256,0.9002097249031067,-0.059683188796043396
0.31302955746650696,0.9014947414398193,-0.0603647381067276
0.3111286163330078,0.8998920321464539,-0.06088725104928017
0.3105515241622925,0.899756133556366,-0.06072253733873367
0.3113982677459717,0.9004002809524536,-0.06029585003852844
0.31373560428619385,0.903574526309967,-0.05989977717399597
0.3114793002605438,0.9000570774078369,-0.06046858802437782
0.3125588893890381,0.9015154838562012,-0.05920274183154106
0.3109428584575653,0.898959755897522,-0.05942053347826004
0.3108583688735962,0.8989977240562439,-0.060030046850442886
0.31050947308540344,0.8982952833175659,-0.0577104352414608
0.3122389018535614,0.8997431397438049,-0.05817275494337082
0.30894210934638977,0.8965555429458618,-0.05793933570384979
0.30827346444129944,0.8953545689582825,-0.0578317828476429
0.3074933886528015,0.8944373726844788,-0.05989024415612221
0.3056792914867401,0.8942728638648987,-0.060453761368989944
0.3067252039909363,0.8937285542488098,-0.06086927279829979
0.3067755699157715,0.8941377401351929,-0.05939071998000145
0.30600059032440186,0.8929141759872437,-0.06086055934429169
0.30708393454551697,0.8945367336273193,-0.05997225269675255
0.3081320822238922,0.8954534530639648,-0.061195701360702515
0.3080662786960602,0.8953993320465088,-0.06213747709989548
0.30809420347213745,0.8962367177009583,-0.06118457391858101
0.30779021978378296,0.895986795425415,-0.06180876865983009
0.30750584602355957,0.8961340188980103,-0.06130512058734894
0.3073316812515259,0.8964712619781494,-0.06106055527925491
0.30745357275009155,0.8964068293571472,-0.06073720008134842
0.30862000584602356,0.8965137004852295,-0.06174752488732338
0.307412713766098,0.895051896572113,-0.06121444329619408
0.3082001209259033,0.8956986665725708,-0.061981331557035446
0.3078325688838959,0.8954245448112488,-0.060832325369119644
0.3068726360797882,0.8946149945259094,-0.0599551685154438
0.3080323338508606,0.8956614136695862,-0.0610663928091526
0.30858752131462097,0.8947659730911255,-0.062031518667936325
0.3097604513168335,0.8945671319961548,-0.062071286141872406
0.3092200458049774,0.8961624503135681,-0.061836302280426025
0.3098118007183075,0.8955031633377075,-0.0624791644513607
0.3077373802661896,0.8953018188476562,-0.060941439121961594
0.3081706762313843,0.8939309120178223,-0.062025588005781174
0.3065776824951172,0.8927290439605713,-0.06020474061369896
0.3074354827404022,0.894319474697113,-0.06144842132925987
0.3071518540382385,0.8929156064987183,-0.06204962357878685
0.30607783794403076,0.8939046263694763,-0.06358715891838074
0.3067869246006012,0.8929047584533691,-0.06277579814195633
0.3072679340839386,0.8921703696250916,-0.061627231538295746
0.306824266910553,0.8919975757598877,-0.061736810952425
0.30746933817863464,0.8946744203567505,-0.062291886657476425
0.30880627036094666,0.8943988680839539,-0.06376952677965164
0.30865299701690674,0.8955026268959045,-0.06257239729166031
0.30892983078956604,0.8942053318023682,-0.060685884207487106
0.30936306715011597,0.8946745991706848,-0.06055546551942825
0.3076760470867157,0.8936178684234619,-0.05992471054196358
0.30840957164764404,0.8944536447525024,-0.06041133403778076
0.3089909851551056,0.8937171697616577,-0.06171870976686478
0.30872613191604614,0.8946402072906494,-0.06193857640028
0.3085843026638031,0.8942124247550964,-0.06225772202014923
0.3071795403957367,0.8937084078788757,-0.06137683615088463
0.3071155548095703,0.892960786819458,-0.061555296182632446
0.3077932894229889,0.8937130570411682,-0.06170565262436867
0.30829766392707825,0.8958210349082947,-0.06211327761411667
0.30727025866508484,0.8964348435401917,-0.059924833476543427
0.3082262873649597,0.8966286778450012,-0.060407161712646484
0.30699920654296875,0.8931275606155396,-0.05978343263268471
0.30775755643844604,0.8936331272125244,-0.06025604531168938
0.30684179067611694,0.8926709294319153,-0.06101486086845398
0.3079648017883301,0.8944646716117859,-0.06062024459242821
0.30767425894737244,0.8941065073013306,-0.060515813529491425
0.3070487976074219,0.8942489624023438,-0.0603211373090744
0.3071387708187103,0.8940842151641846,-0.059725090861320496
0.30859214067459106,0.8941781520843506,-0.059468824416399
0.3076235353946686,0.8935597538948059,-0.05972769483923912
0.308696985244751,0.8935976028442383,-0.05913975089788437
0.3079030513763428,0.8933588862419128,-0.05913103371858597
0.30708613991737366,0.893485426902771,-0.05968471243977547
0.3058398365974426,0.8937932848930359,-0.05897359922528267
0.30659380555152893,0.892946183681488,-0.060034412890672684
0.30651721358299255,0.8938336968421936,-0.06065318360924721
0.3049079179763794,0.8933322429656982,-0.05993710085749626
0.30593371391296387,0.8929162621498108,-0.0608178973197937
0.3060528337955475,0.8927310109138489,-0.06127356365323067
0.3062741756439209,0.8911520838737488,-0.05958406254649162
0.3086470365524292,0.8925684094429016,-0.06051134318113327
0.3077278733253479,0.8924232721328735,-0.05970969423651695
0.3090893626213074,0.8932458162307739,-0.05934979394078255
0.3063133955001831,0.8930769562721252,-0.05918761342763901
0.30540457367897034,0.8915836215019226,-0.05947992950677872
0.30658456683158875,0.89267897605896,-0.05944525822997093
0.3061511516571045,0.8916763663291931,-0.05963245406746864
0.3069338798522949,0.8921377658843994,-0.05897147208452225
0.3082146942615509,0.8942137360572815,-0.059315815567970276
0.30713245272636414,0.8936576247215271,-0.06013490632176399
0.3074302673339844,0.893905520439148,-0.06049516052007675
0.3074887990951538,0.8951032757759094,-0.0601605623960495
0.30764731764793396,0.8919801712036133,-0.05845274776220322
0.30715665221214294,0.8931111097335815,-0.05858619511127472
0.3078044354915619,0.8947573900222778,-0.05913095921278
0.30853575468063354,0.8953681588172913,-0.05894496664404869
0.30899256467819214,0.8957910537719727,-0.057369038462638855
0.30789685249328613,0.8957048654556274,-0.058600232005119324
0.30848202109336853,0.8961313962936401,-0.05757226422429085
0.3093448877334595,0.8961936235427856,-0.05849810317158699
0.3103260099887848,0.8969445824623108,-0.057761870324611664
0.30916208028793335,0.8966160416603088,-0.0589919276535511
0.3089240789413452,0.8954835534095764,-0.058810923248529434
0.30956125259399414,0.8977442383766174,-0.057659976184368134
0.31007036566734314,0.8992375135421753,-0.05939062684774399
0.30992284417152405,0.8982372879981995,-0.05977294594049454
0.30974265933036804,0.8959081172943115,-0.05960964411497116
0.3093865215778351,0.8963320255279541,-0.05901418253779411
0.3098037540912628,0.896028459072113,-0.05932174250483513
0.30849164724349976,0.8957148790359497,-0.05837254226207733
0.307730108499527,0.8947967290878296,-0.05845514312386513
0.30767133831977844,0.8951222896575928,-0.05920180678367615
0.30867576599121094,0.8957421183586121,-0.058795589953660965
0.3088234066963196,0.8939855694770813,-0.058446552604436874
0.3092364966869354,0.8938912749290466,-0.05873057246208191
0.3079805374145508,0.8930147290229797,-0.058344122022390366
0.30833548307418823,0.8936653733253479,-0.058198340237140656
0.30832090973854065,0.8939551711082458,-0.05940275266766548
0.308271586894989,0.89405757188797,-0.059146448969841
0.30936357378959656,0.8957880735397339,-0.05956779792904854
0.31015729904174805,0.8958315849304199,-0.05910755693912506
0.31020939350128174,0.8965201377868652,-0.05882587283849716
0.3086232841014862,0.8949717283248901,-0.061100322753190994
0.309203177690506,0.895314633846283,-0.06254883110523224
0.30882906913757324,0.8945351839065552,-0.06096866354346275
0.30802059173583984,0.8952021598815918,-0.06029355153441429
0.30856508016586304,0.8957056999206543,-0.0598866268992424
0.3079527020454407,0.894637405872345,-0.058437738567590714
0.3080582022666931,0.8954678773880005,-0.058653198182582855
0.30821776390075684,0.8950112462043762,-0.057911187410354614
0.30901995301246643,0.8945602774620056,-0.05947088822722435
0.307956725358963,0.8951600790023804,-0.057980943471193314
0.30815792083740234,0.8955768346786499,-0.058595944195985794
0.30820876359939575,0.8950169682502747,-0.05757290869951248
0.3090742528438568,0.8953288793563843,-0.05840509012341499
0.3094416856765747,0.8936058282852173,-0.05850430205464363
0.30968570709228516,0.8934136629104614,-0.05920254439115524
0.30799224972724915,0.892858624458313,-0.05856490135192871
0.3078402876853943,0.8948754668235779,-0.05972631275653839
0.3074691593647003,0.8933830261230469,-0.05866953730583191
0.3075185716152191,0.8931415677070618,-0.058988891541957855
0.3085900843143463,0.8953105807304382,-0.05746333673596382
0.3084534704685211,0.8959184288978577,-0.05771737918257713
0.3085503876209259,0.8963556885719299,-0.057765308767557144
0.3070686161518097,0.8941434621810913,-0.058028966188430786
0.3088921308517456,0.896078884601593,-0.05986153706908226
0.30881065130233765,0.8961321115493774,-0.0610479861497879
0.3091941475868225,0.8964948654174805,-0.06113744154572487
0.3082737624645233,0.8955332636833191,-0.059071775525808334
0.30745041370391846,0.8962449431419373,-0.05860789492726326
0.3074380159378052,0.8962867856025696,-0.058485034853219986
0.3073866665363312,0.8960968255996704,-0.057645849883556366
0.3072929084300995,0.895648181438446,-0.05871831253170967
0.30815422534942627,0.8947722315788269,-0.05858129635453224
0.30731454491615295,0.8946115374565125,-0.05915398150682449
0.30808550119400024,0.8939595222473145,-0.05779597908258438
0.30968326330184937,0.8953803777694702,-0.058460116386413574
0.3101269602775574,0.8957800269126892,-0.05793588235974312
0.30925124883651733,0.894784688949585,-0.058860186487436295
0.3088882267475128,0.8956031203269958,-0.05855797976255417
0.3099326193332672,0.8965898752212524,-0.058541037142276764
0.31026729941368103,0.8969946503639221,-0.058544136583805084
0.3094094693660736,0.8954082727432251,-0.05889163166284561
0.3097630739212036,0.8953506946563721,-0.05914940685033798
0.3099807798862457,0.8955382108688354,-0.05958624929189682
0.31035226583480835,0.8965125679969788,-0.05837630107998848
0.3100602328777313,0.8967076539993286,-0.058573078364133835
0.30883142352104187,0.8968481421470642,-0.0590628944337368
