tf.Tensor(
[[[[0.0000000e+00 3.7364596e-01 1.6565186e-01 0.0000000e+00]
   [9.2225492e-02 4.9088687e-01 3.3355516e-01 0.0000000e+00]
   [0.0000000e+00 9.8267043e-01 7.1765840e-01 0.0000000e+00]
   [6.9231354e-04 1.2289253e+00 8.7057459e-01 0.0000000e+00]
   [0.0000000e+00 6.7129618e-01 1.0452905e+00 0.0000000e+00]
   [0.0000000e+00 2.7329880e-01 7.3029667e-01 0.0000000e+00]
   [0.0000000e+00 1.4922835e-01 3.3506712e-01 0.0000000e+00]
   [2.0990502e-02 5.9360184e-02 1.9315293e-01 0.0000000e+00]]

  [[0.0000000e+00 4.3642384e-01 1.4762291e-01 0.0000000e+00]
   [5.2319441e-02 8.8604826e-01 4.9456945e-01 0.0000000e+00]
   [0.0000000e+00 1.5720825e+00 8.7178344e-01 0.0000000e+00]
   [0.0000000e+00 1.4334902e+00 1.2376329e+00 0.0000000e+00]
   [0.0000000e+00 6.3225806e-01 1.1208383e+00 0.0000000e+00]
   [0.0000000e+00 3.5631764e-01 5.0777555e-01 0.0000000e+00]
   [0.0000000e+00 2.0862763e-01 2.3719287e-01 0.0000000e+00]
   [0.0000000e+00 4.2678453e-02 1.3746843e-01 0.0000000e+00]]

  [[0.0000000e+00 1.2530034e+00 6.1254573e-01 0.0000000e+00]
   [0.0000000e+00 1.2283535e+00 8.2638937e-01 0.0000000e+00]
   [0.0000000e+00 1.0406207e+00 1.0618905e+00 0.0000000e+00]
   [0.0000000e+00 6.7434251e-01 6.5560770e-01 0.0000000e+00]
   [0.0000000e+00 0.0000000e+00 6.5672636e-02 0.0000000e+00]
   [0.0000000e+00 0.0000000e+00 0.0000000e+00 0.0000000e+00]
   [6.3076511e-02 0.0000000e+00 7.5444505e-03 0.0000000e+00]
   [0.0000000e+00 0.0000000e+00 1.1905219e-02 0.0000000e+00]]

  [[0.0000000e+00 1.8069117e+00 9.8349857e-01 0.0000000e+00]
   [0.0000000e+00 1.0922626e+00 1.3522913e+00 0.0000000e+00]
   [0.0000000e+00 3.0611420e-01 6.1108291e-01 0.0000000e+00]
   [0.0000000e+00 0.0000000e+00 0.0000000e+00 0.0000000e+00]
   [1.8378863e-01 0.0000000e+00 0.0000000e+00 0.0000000e+00]
   [2.9700747e-02 0.0000000e+00 0.0000000e+00 0.0000000e+00]
   [5.3003460e-02 0.0000000e+00 1.6453467e-02 0.0000000e+00]
   [4.0805377e-02 0.0000000e+00 2.0209499e-02 7.8275539e-03]]

  [[0.0000000e+00 1.3321671e+00 8.9895028e-01 0.0000000e+00]
   [0.0000000e+00 1.2793693e-01 5.6445104e-01 0.0000000e+00]
   [0.0000000e+00 0.0000000e+00 0.0000000e+00 0.0000000e+00]
   [7.1529597e-02 0.0000000e+00 0.0000000e+00 4.8146289e-02]
   [3.8270932e-02 2.1791600e-02 3.6290795e-02 0.0000000e+00]
   [3.6517747e-02 7.7904779e-03 2.7447835e-02 0.0000000e+00]
   [3.0324508e-02 3.1068850e-02 3.7903212e-02 0.0000000e+00]
   [3.0324508e-02 3.1068850e-02 3.7903212e-02 0.0000000e+00]]]], shape=(1, 5, 8, 4), dtype=float32)

tf.Tensor(
[[[[9.2225492e-02 1.5720825e+00 1.0618905e+00 0.0000000e+00]
   [6.9231354e-04 1.5720825e+00 1.2376329e+00 0.0000000e+00]
   [6.3076511e-02 6.7129618e-01 1.1208383e+00 0.0000000e+00]]

  [[0.0000000e+00 1.8069117e+00 1.3522913e+00 0.0000000e+00]
   [1.8378863e-01 1.0406207e+00 1.0618905e+00 4.8146289e-02]
   [1.8378863e-01 3.1068850e-02 6.5672636e-02 0.0000000e+00]]]], shape=(1, 2, 3, 4), dtype=float32)

