input_layer: [[[0.         0.         0.        ]
  [0.         0.         0.        ]
  [0.         0.         0.        ]
  [0.         0.         0.        ]
  [0.         0.         0.        ]
  [0.         0.         0.        ]
  [0.         0.         0.        ]
  [0.         0.         0.        ]
  [0.         0.         0.        ]
  [0.         0.         0.        ]]

 [[0.         0.         0.        ]
  [0.         0.         0.        ]
  [0.25490196 0.25490196 0.25490196]
  [0.03921569 0.03921569 0.03921569]
  [0.20392157 0.20392157 0.20392157]
  [0.18039216 0.18039216 0.18039216]
  [0.04313725 0.04313725 0.04313725]
  [0.01176471 0.01176471 0.01176471]
  [0.05882353 0.05882353 0.05882353]
  [0.         0.         0.        ]]

 [[0.         0.         0.        ]
  [0.         0.         0.        ]
  [0.22745098 0.22745098 0.22745098]
  [0.23529412 0.23529412 0.23529412]
  [0.84313725 0.84313725 0.84313725]
  [0.74117647 0.74117647 0.74117647]
  [0.33333333 0.33333333 0.33333333]
  [0.17647059 0.17647059 0.17647059]
  [0.04705882 0.04705882 0.04705882]
  [0.         0.         0.        ]]

 [[0.         0.         0.        ]
  [0.         0.         0.        ]
  [0.20784314 0.20784314 0.20784314]
  [0.62745098 0.62745098 0.62745098]
  [0.81568627 0.81568627 0.81568627]
  [0.24313725 0.24313725 0.24313725]
  [0.07058824 0.07058824 0.07058824]
  [0.08627451 0.08627451 0.08627451]
  [0.         0.         0.        ]
  [0.         0.         0.        ]]

 [[0.         0.         0.        ]
  [0.40784314 0.40784314 0.40784314]
  [0.97647059 0.97647059 0.97647059]
  [0.32941176 0.32941176 0.32941176]
  [0.         0.         0.        ]
  [0.05098039 0.05098039 0.05098039]
  [0.         0.         0.        ]
  [0.         0.         0.        ]
  [0.         0.         0.        ]
  [0.         0.         0.        ]]

 [[0.23921569 0.23921569 0.23921569]
  [0.99215686 0.99215686 0.99215686]
  [0.57647059 0.57647059 0.57647059]
  [0.         0.         0.        ]
  [0.         0.         0.        ]
  [0.         0.         0.        ]
  [0.         0.         0.        ]
  [0.         0.         0.        ]
  [0.         0.         0.        ]
  [0.         0.         0.        ]]

 [[0.39215686 0.39215686 0.39215686]
  [0.4        0.4        0.4       ]
  [0.         0.         0.        ]
  [0.         0.         0.        ]
  [0.00392157 0.00392157 0.00392157]
  [0.         0.         0.        ]
  [0.         0.         0.        ]
  [0.         0.         0.        ]
  [0.         0.         0.        ]
  [0.         0.         0.        ]]]

convolution_output: [[[-0.00000000e+00  3.73645947e-01  1.65651843e-01 -0.00000000e+00]
  [ 9.22254850e-02  4.90886857e-01  3.33555147e-01 -0.00000000e+00]
  [-0.00000000e+00  9.82670409e-01  7.17658431e-01 -0.00000000e+00]
  [ 6.92310871e-04  1.22892539e+00  8.70574598e-01 -0.00000000e+00]
  [-0.00000000e+00  6.71296157e-01  1.04529042e+00 -0.00000000e+00]
  [-0.00000000e+00  2.73298807e-01  7.30296673e-01 -0.00000000e+00]
  [-0.00000000e+00  1.49228357e-01  3.35067113e-01 -0.00000000e+00]
  [ 2.09905048e-02  5.93601815e-02  1.93152946e-01 -0.00000000e+00]]

 [[-0.00000000e+00  4.36423815e-01  1.47622915e-01 -0.00000000e+00]
  [ 5.23194395e-02  8.86048256e-01  4.94569430e-01 -0.00000000e+00]
  [-0.00000000e+00  1.57208262e+00  8.71783453e-01 -0.00000000e+00]
  [-0.00000000e+00  1.43349020e+00  1.23763292e+00 -0.00000000e+00]
  [-0.00000000e+00  6.32257969e-01  1.12083828e+00 -0.00000000e+00]
  [-0.00000000e+00  3.56317610e-01  5.07775585e-01 -0.00000000e+00]
  [-0.00000000e+00  2.08627609e-01  2.37192849e-01 -0.00000000e+00]
  [-0.00000000e+00  4.26784537e-02  1.37468418e-01 -0.00000000e+00]]

 [[-0.00000000e+00  1.25300336e+00  6.12545777e-01 -0.00000000e+00]
  [-0.00000000e+00  1.22835358e+00  8.26389372e-01 -0.00000000e+00]
  [-0.00000000e+00  1.04062065e+00  1.06189047e+00 -0.00000000e+00]
  [-0.00000000e+00  6.74342593e-01  6.55607777e-01 -0.00000000e+00]
  [-0.00000000e+00 -0.00000000e+00  6.56726563e-02 -0.00000000e+00]
  [-0.00000000e+00 -0.00000000e+00 -0.00000000e+00 -0.00000000e+00]
  [ 6.30765197e-02 -0.00000000e+00  7.54444948e-03 -0.00000000e+00]
  [-0.00000000e+00 -0.00000000e+00  1.19052218e-02 -0.00000000e+00]]

 [[-0.00000000e+00  1.80691178e+00  9.83498578e-01 -0.00000000e+00]
  [-0.00000000e+00  1.09226256e+00  1.35229138e+00 -0.00000000e+00]
  [-0.00000000e+00  3.06114173e-01  6.11082910e-01 -0.00000000e+00]
  [-0.00000000e+00 -0.00000000e+00 -0.00000000e+00 -0.00000000e+00]
  [ 1.83788657e-01 -0.00000000e+00 -0.00000000e+00 -0.00000000e+00]
  [ 2.97007487e-02 -0.00000000e+00 -0.00000000e+00 -0.00000000e+00]
  [ 5.30034621e-02 -0.00000000e+00  1.64534683e-02 -0.00000000e+00]
  [ 4.08053769e-02 -0.00000000e+00  2.02094986e-02  7.82755364e-03]]

 [[-0.00000000e+00  1.33216720e+00  8.98950304e-01 -0.00000000e+00]
  [-0.00000000e+00  1.27936931e-01  5.64451066e-01 -0.00000000e+00]
  [-0.00000000e+00 -0.00000000e+00 -0.00000000e+00 -0.00000000e+00]
  [ 7.15295948e-02 -0.00000000e+00 -0.00000000e+00  4.81462860e-02]
  [ 3.82709302e-02  2.17915990e-02  3.62907958e-02 -0.00000000e+00]
  [ 3.65177485e-02  7.79047952e-03  2.74478359e-02 -0.00000000e+00]
  [ 3.03245075e-02  3.10688503e-02  3.79032120e-02 -0.00000000e+00]
  [ 3.03245075e-02  3.10688503e-02  3.79032120e-02 -0.00000000e+00]]]

Maxpooling layer: [[[ 9.22254850e-02  1.57208262e+00  1.06189047e+00 -0.00000000e+00]
  [ 6.92310871e-04  1.57208262e+00  1.23763292e+00 -0.00000000e+00]
  [ 6.30765197e-02  6.71296157e-01  1.12083828e+00 -0.00000000e+00]]

 [[-0.00000000e+00  1.80691178e+00  1.35229138e+00 -0.00000000e+00]
  [ 1.83788657e-01  1.04062065e+00  1.06189047e+00  4.81462860e-02]
  [ 1.83788657e-01  3.10688503e-02  6.56726563e-02 -0.00000000e+00]]]

Flatten layer: [ 9.22254850e-02  1.57208262e+00  1.06189047e+00 -0.00000000e+00
  6.92310871e-04  1.57208262e+00  1.23763292e+00 -0.00000000e+00
  6.30765197e-02  6.71296157e-01  1.12083828e+00 -0.00000000e+00
 -0.00000000e+00  1.80691178e+00  1.35229138e+00 -0.00000000e+00
  1.83788657e-01  1.04062065e+00  1.06189047e+00  4.81462860e-02
  1.83788657e-01  3.10688503e-02  6.56726563e-02 -0.00000000e+00]

Hidden layer: [0.3642658101393056, 1.3130092885435072, 2.4026201066901467, -0.0, 1.7841137907324316]

Output layer: [0.99209803 0.00790197]

